1.75
1.75
1.80
1.71
2.71
4.63
4.51
3.57
4.69
4.22
2.15
2.50
2.16
2.02
1.98
4.73
2.40
2.36
2.69
4.50
2.19
2.17
2.59
4.72
3.10
1.79
1.95
4.74
2.46
1.86
2.10
4.52
2.76
1.85
1.84
2.46
3.73
2.05
1.86
2.14
1.87
1.92
1.95
1.91
1.90
1.92
1.91
1.92
1.95
1.90
1.89
1.89
1.90
1.90
1.85
1.86
1.90
1.79
1.82
1.81
1.86
1.86
1.82
1.82
1.83
1.87
1.85
1.83
1.84
1.65
2.29
2.85
2.74
2.79
2.51
3.57
3.92
2.13
1.83
2.40
2.42
2.54
2.67
2.83
4.57
4.74
4.75
4.75
4.71
3.19
2.05
1.98
1.93
1.93
1.86
1.88
1.82
1.82
1.81
1.83
1.96
2.59
3.86
1.94
1.84
1.93
1.89
1.90
1.93
1.92
1.91
2.16
2.28
4.40
4.12
3.44
4.72
4.70
4.71
2.42
1.99
1.83
1.85
1.97
1.92
1.90
